Results for src/task1-input.txt:
Execution Order: [9, 23, 34, 46, 98, 32, 67, 92, 48, 40, 24, 25, 59, 62, 76, 86, 90, 54, 55, 60, 77, 79, 42, 43, 97, 56, 64, 33, 11, 20, 100, 31, 1, 26, 63, 73, 39, 81, 82, 84, 53, 29, 28, 66, 35, 75, 12, 83, 17, 78, 74, 45, 99, 41, 3, 16, 80, 93, 14, 2, 37, 69, 19, 95, 57, 30, 22, 49, 21, 94, 89, 47, 51, 70, 71, 38, 68, 7, 58, 5, 96, 13, 15, 88, 85, 10, 61, 27, 18, 87, 44, 4, 6, 50, 8, 65, 36, 72, 52, 91]
Average Completion Time: 359.31


--------------------------------
Results for src/task2-input.txt:
Execution Order: [2, 18, 66, 75, 22, 41, 29, 62, 9, 85, 60, 52, 13, 11, 12, 15, 63, 34, 5, 87, 10, 56, 16, 37, 4, 80, 88, 45, 25, 96, 7, 53, 20, 95, 24, 14, 61, 73, 43, 46, 26, 82, 97, 86, 92, 48, 50, 57, 3, 42, 47, 70, 36, 23, 51, 55, 28, 65, 69, 27, 33, 71, 90, 1, 32, 8, 72, 74, 83, 84, 89, 58, 38, 100, 59, 6, 78, 30, 21, 94, 44, 19, 68, 64, 93, 35, 91, 17, 31, 98, 79, 76, 49, 77, 67, 54, 39, 99, 81, 40]
Average Completion Time: 352.88


--------------------------------
Results for src/task3-input.txt:
Execution Order: [10, 18, 19, 37, 72, 73, 39, 23, 26, 49, 52, 55, 31, 56, 8, 41, 81, 45, 91, 92, 24, 35, 36, 40, 5, 7, 54, 59, 16, 38, 1, 80, 47, 12, 48, 14, 34, 17, 76, 2, 88, 22, 51, 93, 3, 29, 30, 63, 33, 65, 74, 20, 83, 97, 13, 95, 89, 15, 69, 99, 79, 21, 62, 50, 28, 57, 70, 84, 4, 60, 9, 96, 11, 78, 6, 71, 98, 25, 46, 67, 77, 68, 64, 94, 86, 27, 85, 90, 42, 87, 82, 32, 53, 43, 100, 58, 44, 75, 66, 61]
Average Completion Time: 197.53


--------------------------------
